167749	Sherpa_CT10_ZeeMassiveCBPt0_BFilter	1110.700	1.120000	0.028034	1.000000
167750	Sherpa_CT10_ZeeMassiveCBPt0_CFilterBVeto	1109.600	1.120000	0.283410	1.000000
167751	Sherpa_CT10_ZeeMassiveCBPt0_CVetoBVeto	1107.100	1.120000	0.686210	1.000000
167752	Sherpa_CT10_ZmumuMassiveCBPt0_BFilter	1109.800	1.120000	0.027996	1.000000
167753	Sherpa_CT10_ZmumuMassiveCBPt0_CFilterBVeto	1112.000	1.120000	0.283070	1.000000
167754	Sherpa_CT10_ZmumuMassiveCBPt0_CVetoBVeto	1108.700	1.120000	0.689700	1.000000
167755	Sherpa_CT10_ZtautauMassiveCBPt0_BFilter	1109.100	1.120000	0.027820	1.000000
167756	Sherpa_CT10_ZtautauMassiveCBPt0_CFilterBVeto	1110.200	1.120000	0.283730	1.000000
167757	Sherpa_CT10_ZtautauMassiveCBPt0_CVetoBVeto	1112.100	1.120000	0.688840	1.000000
167758	Sherpa_CT10_ZnunuMassiveCBPt0_BFilter	5990.800	1.120000	0.029387	1.000000
167759	Sherpa_CT10_ZnunuMassiveCBPt0_CFilterBVeto	5988.300	1.120000	0.280170	1.000000
167760	Sherpa_CT10_ZnunuMassiveCBPt0_CVetoBVeto	5987.500	1.120000	0.690450	1.000000
167797	Sherpa_CT10_ZeeMassiveCBPt70_140_BFilter	29.49400	1.120000	0.082517	1.000000
167798	Sherpa_CT10_ZeeMassiveCBPt70_140_CFilterBVeto	29.48700	1.120000	0.354970	1.000000
167799	Sherpa_CT10_ZeeMassiveCBPt70_140_CVetoBVeto	29.49100	1.120000	0.562620	1.000000
167800	Sherpa_CT10_ZmumuMassiveCBPt70_140_BFilter	29.49100	1.120000	0.082585	1.000000
167801	Sherpa_CT10_ZmumuMassiveCBPt70_140_CFilterBVeto	29.44700	1.120000	0.354880	1.000000
167802	Sherpa_CT10_ZmumuMassiveCBPt70_140_CVetoBVeto	29.52100	1.120000	0.561960	1.000000
167803	Sherpa_CT10_ZtautauMassiveCBPt70_140_BFilter	29.48900	1.120000	0.082563	1.000000
167804	Sherpa_CT10_ZtautauMassiveCBPt70_140_CFilterBVeto	29.49900	1.120000	0.355090	1.000000
167805	Sherpa_CT10_ZtautauMassiveCBPt70_140_CVetoBVeto	29.49400	1.120000	0.562470	1.000000
167806	Sherpa_CT10_ZnunuMassiveCBPt70_140_BFilter	166.6300	1.120000	0.084058	1.000000
167807	Sherpa_CT10_ZnunuMassiveCBPt70_140_CFilterBVeto	166.6400	1.120000	0.352110	1.000000
167808	Sherpa_CT10_ZnunuMassiveCBPt70_140_CVetoBVeto	166.6200	1.120000	0.563600	1.000000
167809	Sherpa_CT10_ZeeMassiveCBPt140_280_BFilter	3.990100	1.120000	0.095235	1.000000
167810	Sherpa_CT10_ZeeMassiveCBPt140_280_CFilterBVeto	3.981100	1.120000	0.369190	1.000000
167811	Sherpa_CT10_ZeeMassiveCBPt140_280_CVetoBVeto	3.989000	1.120000	0.534310	1.000000
167812	Sherpa_CT10_ZmumuMassiveCBPt140_280_BFilter	3.984200	1.120000	0.095389	1.000000
167813	Sherpa_CT10_ZmumuMassiveCBPt140_280_CFilterBVeto	3.991100	1.120000	0.369990	1.000000
167814	Sherpa_CT10_ZmumuMassiveCBPt140_280_CVetoBVeto	3.984100	1.120000	0.534410	1.000000
167815	Sherpa_CT10_ZtautauMassiveCBPt140_280_BFilter	3.987800	1.120000	0.095807	1.000000
167816	Sherpa_CT10_ZtautauMassiveCBPt140_280_CFilterBVeto	3.988000	1.120000	0.369530	1.000000
167817	Sherpa_CT10_ZtautauMassiveCBPt140_280_CVetoBVeto	3.987100	1.120000	0.533280	1.000000
167818	Sherpa_CT10_ZnunuMassiveCBPt140_280_BFilter	22.51200	1.120000	0.096855	1.000000
167819	Sherpa_CT10_ZnunuMassiveCBPt140_280_CFilterBVeto	22.52000	1.120000	0.367860	1.000000
167820	Sherpa_CT10_ZnunuMassiveCBPt140_280_CVetoBVeto	22.51400	1.120000	0.534620	1.000000
167821	Sherpa_CT10_ZeeMassiveCBPt280_500_BFilter	0.241820	1.120000	0.108510	1.000000
167822	Sherpa_CT10_ZeeMassiveCBPt280_500_CFilterBVeto	0.241280	1.120000	0.387440	1.000000
167823	Sherpa_CT10_ZeeMassiveCBPt280_500_CVetoBVeto	0.241580	1.120000	0.506170	1.000000
167824	Sherpa_CT10_ZmumuMassiveCBPt280_500_BFilter	0.242190	1.120000	0.108020	1.000000
167825	Sherpa_CT10_ZmumuMassiveCBPt280_500_CFilterBVeto	0.241690	1.120000	0.386430	1.000000
167826	Sherpa_CT10_ZmumuMassiveCBPt280_500_CVetoBVeto	0.242720	1.120000	0.505490	1.000000
167827	Sherpa_CT10_ZtautauMassiveCBPt280_500_BFilter	0.241200	1.120000	0.106530	1.000000
167828	Sherpa_CT10_ZtautauMassiveCBPt280_500_CFilterBVeto	0.241020	1.120000	0.384810	1.000000
167829	Sherpa_CT10_ZtautauMassiveCBPt280_500_CVetoBVeto	0.241470	1.120000	0.507200	1.000000
167830	Sherpa_CT10_ZnunuMassiveCBPt280_500_BFilter	1.353300	1.120000	0.108930	1.000000
167831	Sherpa_CT10_ZnunuMassiveCBPt280_500_CFilterBVeto	1.355500	1.120000	0.384020	1.000000
167832	Sherpa_CT10_ZnunuMassiveCBPt280_500_CVetoBVeto	1.352700	1.120000	0.506670	1.000000
167833	Sherpa_CT10_ZeeMassiveCBPt500_BFilter	0.013235	1.120000	0.115730	1.000000
167834	Sherpa_CT10_ZeeMassiveCBPt500_CFilterBVeto	0.013454	1.120000	0.398460	1.000000
167835	Sherpa_CT10_ZeeMassiveCBPt500_CVetoBVeto	0.013307	1.120000	0.484800	1.000000
167836	Sherpa_CT10_ZmumuMassiveCBPt500_BFilter	0.013161	1.120000	0.114080	1.000000
167837	Sherpa_CT10_ZmumuMassiveCBPt500_CFilterBVeto	0.013480	1.120000	0.398570	1.000000
167838	Sherpa_CT10_ZmumuMassiveCBPt500_CVetoBVeto	0.013264	1.120000	0.486890	1.000000
167839	Sherpa_CT10_ZtautauMassiveCBPt500_BFilter	0.013231	1.120000	0.115240	1.000000
167840	Sherpa_CT10_ZtautauMassiveCBPt500_CFilterBVeto	0.013308	1.120000	0.393160	1.000000
167841	Sherpa_CT10_ZtautauMassiveCBPt500_CVetoBVeto	0.013284	1.120000	0.485620	1.000000
167842	Sherpa_CT10_ZnunuMassiveCBPt500_BFilter	0.073103	1.120000	0.117760	1.000000
167843	Sherpa_CT10_ZnunuMassiveCBPt500_CFilterBVeto	0.073347	1.120000	0.396310	1.000000
167844	Sherpa_CT10_ZnunuMassiveCBPt500_CVetoBVeto	0.073278	1.120000	0.484360	1.000000
180543	Sherpa_CT10_ZeeMassiveCBPt40_70_BFilter	70.493	1.120000	0.070638	1.000000
180544	Sherpa_CT10_ZeeMassiveCBPt40_70_CFilterBVeto 	70.530	1.120000 	0.34197	1.000000 
180545	Sherpa_CT10_ZeeMassiveCBPt40_70_CVetoBVeto 	70.431	1.120000 	0.58761	1.000000 
180546	Sherpa_CT10_ZmumuMassiveCBPt40_70_BFilter 	70.511	1.120000 	0.070707	1.000000 
180547	Sherpa_CT10_ZmumuMassiveCBPt40_70_CFilterBVeto 	70.469	1.120000 	0.34141	1.000000 
180548	Sherpa_CT10_ZmumuMassiveCBPt40_70_CVetoBVeto 	70.534	1.120000 	0.58768	1.000000 
180549	Sherpa_CT10_ZtautauMassiveCBPt40_70_BFilter 	70.441	1.120000 	0.070859	1.000000 
180550	Sherpa_CT10_ZtautauMassiveCBPt40_70_CFilterBVeto 	70.538	1.120000 	0.34163	1.000000 
180551	Sherpa_CT10_ZtautauMassiveCBPt40_70_CVetoBVeto 	70.528	1.120000 	0.58755	1.000000 
167740	Sherpa_CT10_WenuMassiveCBPt0_BFilter	10973.00	1.110000	0.012778	1.000000
167741	Sherpa_CT10_WenuMassiveCBPt0_CJetFilterBVeto	10971.00	1.110000	0.049039	1.000000
167742	Sherpa_CT10_WenuMassiveCBPt0_CJetVetoBVeto	10987.00	1.110000	0.938040	1.000000
167743	Sherpa_CT10_WmunuMassiveCBPt0_BFilter	10973.00	1.110000	0.0128230	1.000000
167744	Sherpa_CT10_WmunuMassiveCBPt0_CJetFilterBVeto	10970.00	1.110000	0.042540	1.000000
167745	Sherpa_CT10_WmunuMassiveCBPt0_CJetVetoBVeto	10981.00	1.110000	0.944610	1.000000
167746	Sherpa_CT10_WtaunuMassiveCBPt0_BFilter	10974.00	1.110000	0.012791	1.000000
167747	Sherpa_CT10_WtaunuMassiveCBPt0_CJetFilterBVeto	10971.00	1.110000	0.046082	1.000000
167748	Sherpa_CT10_WtaunuMassiveCBPt0_CJetVetoBVeto	10969.00	1.110000	0.940650	1.000000
167761	Sherpa_CT10_WenuMassiveCBPt70_140_BFilter	250.5500	1.110000	0.045931	1.000000
167762	Sherpa_CT10_WenuMassiveCBPt70_140_CJetFilterBVeto	250.7100	1.110000	0.200990	1.000000
167763	Sherpa_CT10_WenuMassiveCBPt70_140_CJetVetoBVeto	250.4300	1.110000	0.752980	1.000000
167764	Sherpa_CT10_WmunuMassiveCBPt70_140_BFilter	250.5500	1.110000	0.045919	1.000000
167765	Sherpa_CT10_WmunuMassiveCBPt70_140_CJetFilterBVeto	250.5700	1.110000	0.198890	1.000000
167766	Sherpa_CT10_WmunuMassiveCBPt70_140_CJetVetoBVeto	250.7700	1.110000	0.758550	1.000000
167767	Sherpa_CT10_WtaunuMassiveCBPt70_140_BFilter	250.5700	1.110000	0.045942	1.000000
167768	Sherpa_CT10_WtaunuMassiveCBPt70_140_CJetFilterBVeto	250.6100	1.110000	0.198890	1.000000
167769	Sherpa_CT10_WtaunuMassiveCBPt70_140_CJetVetoBVeto	250.6000	1.110000	0.754850	1.000000
167770	Sherpa_CT10_WenuMassiveCBPt140_280_BFilter	31.15500	1.110000	0.063159	1.000000
167771	Sherpa_CT10_WenuMassiveCBPt140_280_CJetFilterBVeto	31.18900	1.110000	0.221960	1.000000
167772	Sherpa_CT10_WenuMassiveCBPt140_280_CJetVetoBVeto	31.11200	1.110000	0.714960	1.000000
167773	Sherpa_CT10_WmunuMassiveCBPt140_280_BFilter	31.16400	1.110000	0.063069	1.000000
167774	Sherpa_CT10_WmunuMassiveCBPt140_280_CJetFilterBVeto	31.16500	1.110000	0.216470	1.000000
167775	Sherpa_CT10_WmunuMassiveCBPt140_280_CJetVetoBVeto	31.17300	1.110000	0.720300	1.000000
167776	Sherpa_CT10_WtaunuMassiveCBPt140_280_BFilter	31.16200	1.110000	0.063078	1.000000
167777	Sherpa_CT10_WtaunuMassiveCBPt140_280_CJetFilterBVeto	31.15100	1.110000	0.220150	1.000000
167778	Sherpa_CT10_WtaunuMassiveCBPt140_280_CJetVetoBVeto	31.17600	1.110000	0.716090	1.000000
167779	Sherpa_CT10_WenuMassiveCBPt280_500_BFilter	1.841300	1.110000	0.082886	1.000000
167780	Sherpa_CT10_WenuMassiveCBPt280_500_CJetFilterBVeto	1.837000	1.110000	0.234540	1.000000
167781	Sherpa_CT10_WenuMassiveCBPt280_500_CJetVetoBVeto	1.842600	1.110000	0.682000	1.000000
167782	Sherpa_CT10_WmunuMassiveCBPt280_500_BFilter	1.838000	1.110000	0.082902	1.000000
167783	Sherpa_CT10_WmunuMassiveCBPt280_500_CJetFilterBVeto	1.839500	1.110000	0.228450	1.000000
167784	Sherpa_CT10_WmunuMassiveCBPt280_500_CJetVetoBVeto	1.843300	1.110000	0.687760	1.000000
167785	Sherpa_CT10_WtaunuMassiveCBPt280_500_BFilter	1.836200	1.110000	0.083026	1.000000
167786	Sherpa_CT10_WtaunuMassiveCBPt280_500_CJetFilterBVeto	1.839500	1.110000	0.232710	1.000000
167787	Sherpa_CT10_WtaunuMassiveCBPt280_500_CJetVetoBVeto	1.836800	1.110000	0.683970	1.000000
167788	Sherpa_CT10_WenuMassiveCBPt500_BFilter	0.101880	1.110000	0.099655	1.000000
167789	Sherpa_CT10_WenuMassiveCBPt500_CJetFilterBVeto	0.101010	1.110000	0.244400	1.000000
167790	Sherpa_CT10_WenuMassiveCBPt500_CJetVetoBVeto	0.100930	1.110000	0.657410	1.000000
167791	Sherpa_CT10_WmunuMassiveCBPt500_BFilter	0.101630	1.110000	0.100040	1.000000
167792	Sherpa_CT10_WmunuMassiveCBPt500_CJetFilterBVeto	0.102100	1.110000	0.238520	1.000000
167793	Sherpa_CT10_WmunuMassiveCBPt500_CJetVetoBVeto	0.101860	1.110000	0.658370	1.000000
167794	Sherpa_CT10_WtaunuMassiveCBPt500_BFilter	0.102080	1.110000	0.099663	1.000000
167795	Sherpa_CT10_WtaunuMassiveCBPt500_CJetFilterBVeto	0.101390	1.110000	0.242210	1.000000
167796	Sherpa_CT10_WtaunuMassiveCBPt500_CJetVetoBVeto	0.102010	1.110000	0.660040	1.000000
180534	Sherpa_CT10_WenuMassiveCBPt40_70_BFilter 	652.82	1.110000 	0.034473	1.000000 
180535	Sherpa_CT10_WenuMassiveCBPt40_70_CJetFilterBVeto 	652.83	1.110000 	0.17142	1.000000 
180536	Sherpa_CT10_WenuMassiveCBPt40_70_CJetVetoBVeto 	653.16	1.110000 	0.79335	1.000000 
180537	Sherpa_CT10_WmunuMassiveCBPt40_70_BFilter 	652.73	1.110000 	0.034565	1.000000 
180538	Sherpa_CT10_WmunuMassiveCBPt40_70_CJetFilterBVeto 	653.14	1.110000 	0.16599	1.000000 
180539	Sherpa_CT10_WmunuMassiveCBPt40_70_CJetVetoBVeto 	653.06	1.110000 	0.79983	1.000000 
180540	Sherpa_CT10_WtaunuMassiveCBPt40_70_BFilter 	652.84	1.110000 	0.034574	1.000000 
180541	Sherpa_CT10_WtaunuMassiveCBPt40_70_CJetFilterBVeto 	652.58	1.110000 	0.16931	1.000000 
180542	Sherpa_CT10_WtaunuMassiveCBPt40_70_CJetVetoBVeto 	652.99	1.110000 	0.79616	1.000000 
