301400 1.0760E+03 1.0000E+00 1.0760E+03
301401 6.8057E+02 1.0000E+00 6.8057E+02
301402 3.6714E+02 1.0000E+00 3.6714E+02
301403 2.0614E+02 1.0000E+00 2.0614E+02
301404 8.3530E+01 1.0000E+00 8.3530E+01
301405 3.8832E+01 1.0000E+00 3.8832E+01
301406 1.0999E+01 1.0000E+00 1.0999E+01
301407 1.2884E+00 1.0000E+00 1.2884E+00
301408 7.4822E-02 1.0000E+00 7.4822E-02
301409 9.3077E-06 1.0000E+00 9.3077E-06
301410 1.7411E+01 1.0000E+00 1.7411E+01
301411 2.0243E+00 1.0000E+00 2.0243E+00
301412 1.6399E-01 1.0000E+00 1.6399E-01
301413 2.4969E-03 1.0000E+00 2.4969E-03
301414 6.8770E-05 1.0000E+00 6.8770E-05
301415 2.0354E+01 1.0000E+00 2.0354E+01
301416 3.2210E+02 1.0000E+00 3.2210E+02
301417 2.0110E+02 1.0000E+00 2.0110E+02
301417 6.0989E+01 1.0000E+00 6.0989E+01
301418 2.3326E+00 1.0000E+00 2.3326E+00
301419 4.9033E+00 1.0000E+00 4.9033E+00
301420 6.6323E+01 1.0000E+00 6.6323E+01
301421 3.5462E+01 1.0000E+00 3.5462E+01
301422 2.4546E-01 1.0000E+00 2.4546E-01
301423 7.2710E-01 1.0000E+00 7.2710E-01
301424 7.3195E+00 1.0000E+00 7.3195E+00
301425 1.1597E+00 1.0000E+00 1.1597E+00
301426 3.2729E-03 1.0000E+00 3.2729E-03
301427 2.0485E-02 1.0000E+00 2.0485E-02
301428 5.3777E-02 1.0000E+00 5.3777E-02
301429 2.8937E-06 1.0000E+00 2.8937E-06
301430 9.5196E-05 1.0000E+00 9.5196E-05
301431 9.2411E-04 1.0000E+00 9.2411E-04
301432 7.0919E-07 1.0000E+00 7.0919E-07
301433 9.3463E-06 1.0000E+00 9.3463E-06
301434 9.0090E-06 1.0000E+00 9.0090E-06
301435 7.4169E-06 1.0000E+00 7.4169E-06
301436 1.9437E+00 1.0000E+00 1.9437E+00
301437 1.8990E+00 1.0000E+00 1.8990E+00
301438 1.7820E+00 1.0000E+00 1.7820E+00
301439 1.5500E+00 1.0000E+00 1.5500E+00
301440 1.1191E+00 1.0000E+00 1.1191E+00
301441 5.0228E+01 1.0000E+00 5.0228E+01
301441 1.0149E+00 1.0000E+00 1.0149E+00
301442 2.1874E-01 1.0000E+00 2.1874E-01
301443 7.7751E-03 1.0000E+00 7.7751E-03
301444 9.7192E-08 1.0000E+00 9.7192E-08
301445 1.1563E-01 1.0000E+00 1.1563E-01
301446 4.0492E-02 1.0000E+00 4.0492E-02
301447 1.0043E-02 1.0000E+00 1.0043E-02
301448 3.2141E-05 1.0000E+00 3.2141E-05
301449 2.2726E-07 1.0000E+00 2.2726E-07
301450 1.3388E-01 1.0000E+00 1.3388E-01
301451 1.7831E+00 1.0000E+00 1.7831E+00
301452 1.5505E+00 1.0000E+00 1.5505E+00
301453 4.6404E-02 1.0000E+00 4.6404E-02
301454 1.1685E-01 1.0000E+00 1.1685E-01
301455 1.1196E+00 1.0000E+00 1.1196E+00
301456 1.0145E+00 1.0000E+00 1.0145E+00
301457 1.7939E-02 1.0000E+00 1.7939E-02
301458 1.1594E-01 1.0000E+00 1.1594E-01
301459 1.8976E-01 1.0000E+00 1.8976E-01
301460 7.2619E-03 1.0000E+00 7.2619E-03
301461 4.7064E-05 1.0000E+00 4.7064E-05
301462 1.0196E-03 1.0000E+00 1.0196E-03
301462 3.7257E-01 1.0000E+00 3.7257E-01
301463 1.0750E-08 1.0000E+00 1.0750E-08
301464 3.4606E-07 1.0000E+00 3.4606E-07
301465 9.2226E-10 1.0000E+00 9.2226E-10
301466 9.7169E-08 1.0000E+00 9.7169E-08
301467 9.5051E-08 1.0000E+00 9.5051E-08
301468 7.5369E-08 1.0000E+00 7.5369E-08
301469 2.0536E-02 1.0000E+00 2.0536E-02
301470 1.2645E-01 1.0000E+00 1.2645E-01
301471 4.8163E-01 1.0000E+00 4.8163E-01
301472 9.7893E-01 1.0000E+00 9.7893E-01
301473 1.5173E+00 1.0000E+00 1.5173E+00
301474 1.9866E+00 1.0000E+00 1.9866E+00
301475 2.3789E+00 1.0000E+00 2.3789E+00
301476 9.9241E-03 1.0000E+00 9.9241E-03
301477 4.2130E+00 1.0000E+00 4.2130E+00
301478 9.3847E+00 1.0000E+00 9.3847E+00
301479 1.5507E+01 1.0000E+00 1.5507E+01
301480 2.1728E+01 1.0000E+00 2.1728E+01
301481 1.0970E+00 1.0000E+00 1.0970E+00
301481 2.7706E+01 1.0000E+00 2.7706E+01
