341779 1 10 0.2412
341780 1 20 0.1997
341781 1 50 0.1167
341782 1 100 0.07093
341783 1 200 0.03461
341784 1 300 0.07176
341785 1 500 0.0562
341786 1 1000 0.03866
341787 1 2000 0.03269
341788 1 5000 0.02551
341789 10 10 0.002707
341790 10 15 0.007396
341791 50 10 0.0001146
341792 50 50 0.000159
341793 50 95 0.02436
341794 150 10 2.585e-06
341795 150 200 4.127e-06
341796 150 295 2.312e-05
341797 500 10 4.301e-09
341798 500 500 6.508e-09
341799 500 995 3.452e-07
341800 1000 10 2.974e-11
341801 1000 1000 9.807e-11
341802 1000 1995 6.935e-09
