# qqZZ (in pb)
187180 132.4 0.91935 121.722e-3
187181 296.1 0.849 251.389e-3
187182 296.1 0.60915 180.369e-3
187183 132.4 0.92286 122.187e-3
187184 296.1 0.61565 182.29e-3
187185 132.4 0.11319 14.986e-3
# SM Higgs @ 125 (ggF, VBF, WH, ZH, ttH, bbH) 
341505 43.92 1.25e-4 5.49e-3
341518 3.748 1.25e-4 0.4685e-3
341964 1.380 2.76e-4 0.38088e-3
341947 0.8696 2.76e-4 0.24e-3
999999 0.5085 1.25e-4 0.06356e-3
999999 0.5116 1.25e-4 0.06395e-3
# ZH llvv
341974 0.8696 5.28e-4 0.45915e-3
# ggZZ
# Zee Sherpa 4lMassFilter
341103 2.2264e3 5.4683e-4 1.21746  
# Zmumu Sherpa 4lMassFilter
341104 2.2263e3 5.5139e-4 1.22756
# Singal top
410025 2.0517 1.0 2.0517  1e6
361086 16.590 1.4253E-01 2.3646 1e5
361087 16.492 2.8096E-01 4.6336 150000
