341744 1 10 2.389
341745 1 20 2.483
341746 1 50 2.98
341747 1 100 2.881
341748 1 200 2.344
341749 1 300 2.041
341750 1 500 0.9328
341751 1 1000 0.1524
341752 1 2000 0.008919
341753 1 5000 1.39e-05
341754 10 10 0.01895
341755 10 15 0.7378
341756 50 10 0.0003215
341757 50 50 0.01127
341758 50 95 0.2784
341759 150 10 4.786e-06
341760 150 200 0.004841
341761 150 295 0.156
341762 500 10 6.296e-09
341763 500 500 2.855e-05
341764 500 995 0.008244
341765 1000 10 3.78e-11
341766 1000 1000 7.372e-07
341767 1000 1995 0.0004346
